26,52
26,51
26,50
26,49
26,48
26,47
26,46
26,45
26,44
26,43
26,42
26,41
26,40
26,39
26,38
26,37
26,36
26,35
0,395
0,394
0,386
3,2
10,196
10,10
10,88
10,122
10,226
10,2
10,3
11,4
11,15
11,23
11,18
11,12
11,16
11,2
11,3
9,4
9,6
9,2
9,3
8,4
8,10
8,12
8,2
8,3
12,2
12,1
12,3
20,2
20,1
20,3
19,2
19,1
19,3
18,1
18,3
2,2
2,1
2,3
25,3
25,2
25,1
25,0
14,1
14,3
13,1
13,3
11,30
11,29
11,28
11,27
11,26
11,25
11,1
11,24
10,315
10,314
10,313
10,312
10,311
10,310
10,309
10,308
10,307
10,306
10,305
10,304
10,303
10,302
10,301
10,300
10,299
10,298
10,297
10,296
10,295
10,294
10,293
10,292
10,291
10,290
10,289
10,288
